0 442
1 172
2 1152
3 986
4 422
5 743
6 676
7 1250
8 236
9 1410
10 949
11 314
12 16
13 802
14 949
15 1123
16 1101
17 807
18 1250
19 329
20 1245
21 889
22 473
23 372
24 1122
25 744
26 306
27 200
28 1499
29 70
30 1443
31 387
32 1204
33 1106
34 410
35 1381
36 739
37 632
38 57
39 16
40 1245
41 1024
42 442
43 870
44 621
45 1204
46 473
47 817
48 1008
49 721
50 71
51 1340
52 882
53 248
54 1476
55 1340
56 1204
57 14
58 328
59 387
60 739
61 779
62 18
63 490
64 1461
65 579
66 1143
67 57
68 1133
69 772
70 328
71 410
72 1123
73 605
74 387
75 70
76 16
77 93
78 437
79 1068
80 442
81 1243
82 621
83 1399
84 16
85 743
86 387
87 1340
88 728
89 739
90 1143
91 836
92 983
93 76
94 850
95 857
96 93
97 138
98 518
99 200
100 949
101 1245
102 1204
103 773
104 872
105 16
106 328
107 1534
108 1456
109 159
110 802
111 648
112 141
113 448
114 872
115 1245
116 825
117 988
118 410
119 574
120 825
121 141
122 621
123 387
124 927
125 410
126 1143
127 872
128 241
129 16
130 1204
131 18
132 1421
133 1531
134 900
135 1340
136 1502
137 392
138 16
139 807
140 463
141 16
142 744
143 813
144 1512
145 1096
146 1340
147 744
148 93
149 159
150 473
151 16
152 987
153 248
154 473
155 1486
156 872
157 676
158 749
159 248
160 103
161 1340
162 1040
163 895
164 872
165 817
166 16
167 1476
168 1135
169 520
170 1376
171 270
172 872
173 1204
174 772
175 1008
176 1034
177 572
178 1340
179 1020
180 1476
181 817
182 137
183 1236
184 93
185 1479
186 605
187 442
188 572
189 515
190 392
191 200
192 1340
193 1152
194 1476
195 442
196 1224
197 1340
198 1531
199 973
200 140
201 1389
202 141
203 850
204 1250
205 473
206 1443
207 1101
208 407
209 1387
210 1068
211 1243
212 1135
213 111
214 792
215 236
216 1068
217 375
218 410
219 408
220 628
221 408
222 93
223 1232
224 959
225 410
226 74
227 857
228 1436
229 314
230 1040
231 579
232 863
233 410
234 987
235 470
236 422
237 1204
238 1245
239 248
240 372
241 328
242 987
243 490
244 1204
245 509
246 70
247 448
248 373
249 1494
250 1123
251 1480
252 195
253 777
254 959
255 1068
256 140
257 236
258 1034
259 1123
260 172
261 1135
262 872
263 375
264 259
265 1152
266 1101
267 111
268 241
269 473
270 825
271 693
272 987
273 1116
274 1531
275 872
276 731
277 772
278 224
279 621
280 447
281 212
282 1053
283 911
284 1053
285 314
286 248
287 949
288 1125
289 306
290 70
291 895
292 236
293 1204
294 16
295 817
296 1233
297 1214
298 739
299 596
300 314
301 1436
302 728
303 236
304 752
305 1143
306 463
307 676
308 248
309 572
310 1024
311 87
312 676
313 1069
314 70
315 1135
316 572
317 410
318 1236
319 70
320 518
321 1122
322 825
323 473
324 205
325 378
326 872
327 1245
328 1461
329 93
330 755
331 825
332 987
333 442
334 509
335 236
336 387
337 306
338 511
339 779
340 1367
341 949
342 410
343 241
344 1531
345 863
346 236
347 1125
348 774
349 473
350 889
351 72
352 959
353 664
354 1245
355 1494
356 1020
357 779
358 872
359 621
360 473
361 863
362 87
363 16
364 739
365 274
366 387
367 1224
368 601
369 1245
370 1250
371 16
372 16
373 1476
374 328
375 93
376 1068
377 949
378 410
379 1340
380 1494
381 1123
382 1106
383 1340
384 889
385 1155
386 1191
387 802
388 1245
389 473
390 1360
391 1476
392 328
393 93
394 14
395 387
396 1143
397 825
398 448
399 731
400 1068
401 511
402 248
403 93
404 731
405 872
406 739
407 483
408 200
409 983
410 1116
411 248
412 850
413 1236
414 16
415 802
416 850
417 872
418 1101
419 552
420 572
421 825
422 1053
423 739
424 473
425 248
426 62
427 410
428 632
429 1143
430 983
431 807
432 1236
433 1127
434 1436
435 1123
436 889
437 1135
438 392
439 1534
440 983
441 927
442 499
443 1399
444 1340
445 328
446 70
447 601
448 1053
449 1340
450 872
451 1204
452 1053
453 1020
454 274
455 779
456 71
457 1243
458 387
459 983
460 16
461 442
462 372
463 473
464 889
465 885
466 259
467 369
468 1204
469 792
470 1143
471 872
472 728
473 1116
474 1106
475 1053
476 676
477 16
478 1053
479 818
480 387
481 825
482 841
483 676
484 686
485 408
486 1534
487 387
488 850
489 1236
490 1236
491 872
492 1243
493 841
494 328
495 511
496 171
497 676
498 410
499 739
500 1494
501 1101
502 817
503 1243
504 870
505 234
506 1243
507 473
508 536
509 1233
510 875
511 16
512 162
513 259
514 940
515 989
516 463
517 1135
518 16
519 850
520 518
521 224
522 375
523 792
524 956
525 1212
526 141
527 676
528 846
529 410
530 117
531 442
532 1236
533 1191
534 70
535 1245
536 437
537 1236
538 387
539 870
540 1534
541 676
542 1152
543 719
544 478
545 1053
546 1243
547 818
548 16
549 971
550 983
551 605
552 749
553 895
554 1086
555 1045
556 274
557 1204
558 987
559 1236
560 870
561 195
562 16
563 1486
564 1400
565 162
566 1236
567 1533
568 111
569 983
570 329
571 16
572 1014
573 1243
574 1204
575 1024
576 1293
577 621
578 825
579 949
580 1143
581 1236
582 470
583 920
584 1443
585 442
586 601
587 56
588 410
589 111
590 387
591 473
592 95
593 310
594 473
595 96
596 601
597 1436
598 817
599 264
600 850
601 1020
602 1024
603 328
604 1066
605 1340
606 1204
607 694
608 98
609 1123
610 1339
611 172
612 203
613 1053
614 49
615 1024
616 375
617 463
618 605
619 387
620 328
621 911
622 410
623 1191
624 825
625 983
626 1245
627 287
628 1024
629 817
630 93
631 442
632 1125
633 1245
634 870
635 1531
636 1233
637 574
638 387
639 989
640 1020
641 375
642 1360
643 1127
644 872
645 132
646 987
647 132
648 132
649 200
650 1476
651 169
652 1053
653 744
654 314
655 1245
656 410
657 1204
658 850
659 1243
660 986
661 1191
662 105
663 920
664 128
665 200
666 70
667 473
668 956
669 1476
670 1340
671 1476
672 870
673 1106
674 473
675 70
676 930
677 1103
678 274
679 552
680 919
681 1204
682 1143
683 825
684 236
685 1204
686 387
687 329
688 93
689 1400
690 372
691 93
692 728
693 632
694 1306
695 740
696 870
697 1398
698 825
699 1487
700 1249
701 986
702 236
703 1250
704 1245
705 654
706 410
707 1224
708 137
709 96
710 728
711 62
712 1125
713 1020
714 1204
715 621
716 1486
717 779
718 719
719 264
720 621
721 601
722 16
723 329
724 825
725 554
726 850
727 676
728 1034
729 850
730 248
731 1024
732 389
733 628
734 478
735 1476
736 473
737 1539
738 1372
739 927
740 705
741 1020
742 1486
743 1224
744 410
745 1293
746 140
747 407
748 744
749 1125
750 1243
751 392
752 163
753 1030
754 1245
755 1250
756 850
757 889
758 1168
759 1125
760 1534
761 619
762 872
763 889
764 57
765 328
766 1068
767 1123
768 442
769 1204
770 1053
771 1399
772 138
773 200
774 426
775 850
776 93
777 1259
778 1266
779 1125
780 850
781 211
782 1053
783 16
784 1101
785 236
786 872
787 1123
788 169
789 200
790 14
791 437
792 473
793 162
794 802
795 470
796 1133
797 676
798 739
799 387
800 236
801 463
802 601
803 911
804 597
805 408
806 1024
807 236
808 374
809 1476
810 387
811 949
812 329
813 621
814 270
815 40
816 1055
817 779
818 558
819 1133
820 1267
821 825
822 1245
823 1445
824 706
825 103
826 372
827 731
828 1133
829 448
830 1191
831 93
832 872
833 448
834 1534
835 781
836 713
837 1181
838 621
839 1053
840 410
841 387
842 1125
843 705
844 442
845 410
846 728
847 1204
848 1204
849 137
850 872
851 70
852 792
853 442
854 1245
855 16
856 387
857 410
858 1476
859 362
860 1360
861 989
862 772
863 387
864 248
865 792
866 1462
867 825
868 105
869 728
870 62
871 212
872 473
873 772
874 986
875 552
876 872
877 1125
878 863
879 328
880 137
881 1479
882 369
883 205
884 1125
885 408
886 743
887 1340
888 1461
889 540
890 1472
891 16
892 989
893 1127
894 141
895 1116
896 410
897 105
898 1024
899 224
900 1024
901 920
902 1534
903 920
904 408
905 872
906 959
907 552
908 1472
909 1134
910 497
911 1204
912 528
913 1293
914 1024
915 1245
916 1531
917 1215
918 387
919 1053
920 807
921 949
922 1123
923 93
924 772
925 872
926 721
927 442
928 1476
929 314
930 1243
931 1245
932 408
933 628
934 96
935 442
936 1204
937 236
938 442
939 499
940 1419
941 264
942 70
943 1204
944 375
945 804
946 1236
947 1518
948 889
949 552
950 16
951 739
952 558
953 328
954 552
955 497
956 573
957 16
958 1319
959 1094
960 1267
961 306
962 949
963 198
964 1435
965 89
966 1125
967 98
968 728
969 983
970 347
971 132
972 920
973 1135
974 387
975 1494
976 889
977 676
978 944
979 731
980 442
981 266
982 1268
983 818
984 911
985 57
986 949
987 473
988 597
989 949
990 1024
991 1235
992 1494
993 1204
994 552
995 93
996 408
997 676
998 558
999 70
1000 1245
1001 807
1002 989
1003 1026
1004 442
1005 463
1006 949
1007 807
1008 743
1009 408
1010 200
1011 889
1012 621
1013 1445
1014 872
1015 408
1016 743
1017 1020
1018 1024
1019 1134
1020 70
1021 410
1022 552
1023 448
1024 1245
1025 771
1026 1021
1027 387
1028 483
1029 407
1030 872
1031 352
1032 93
1033 93
1034 572
1035 1024
1036 473
1037 328
1038 1181
1039 1204
1040 442
1041 825
1042 163
1043 1127
1044 1204
1045 1486
1046 632
1047 1245
1048 200
1049 630
1050 802
1051 1436
1052 983
1053 442
1054 621
1055 1236
1056 171
1057 872
1058 1432
